37958 0 0 12 0 0 1 0 0 0 0 0 0 0 0 0 0 0 0 0 0 1 0 0 0 0 0 0 0 0 0 12 0 0 0 3 0 0 0 0 0 0 0 0 0 0 0 0 0 2 0 0 0 0 0 0 
38238 0 0 12 0 0 0 0 0 0 0 0 0 1 0 0 2 0 0 0 0 0 0 0 0 0 0 0 0 0 0 10 0 0 0 6 0 0 0 0 0 0 0 0 0 0 0 0 1 4 0 0 0 0 0 0 
38253 0 0 34 2 0 0 0 0 2 0 0 0 0 0 0 0 0 0 0 0 0 0 0 0 1 0 0 0 0 0 28 0 0 1 10 0 0 0 1 0 0 1 0 0 0 0 0 0 13 0 0 0 0 0 0 
38254 0 0 34 2 0 0 0 0 2 0 0 0 0 0 0 0 0 0 0 0 0 0 0 0 1 0 0 0 0 0 28 0 0 1 10 0 0 0 1 0 0 1 0 0 0 0 0 0 13 0 0 0 0 0 0 
38336 0 0 8 1 0 0 0 0 0 0 0 0 0 0 0 0 0 0 0 0 0 0 0 0 0 0 0 1 0 0 13 0 0 0 2 0 0 0 0 0 0 0 0 0 0 0 0 0 4 0 0 1 0 0 0 
53115 0 0 15 0 0 0 0 0 0 0 0 0 1 0 1 0 0 0 0 0 0 0 0 2 0 0 0 0 0 1 19 0 0 0 3 0 0 0 0 0 0 0 0 0 0 0 0 3 4 0 0 0 0 0 0 
53202 0 0 26 0 0 0 0 0 0 0 0 0 1 0 1 0 0 0 0 0 0 0 0 2 0 0 0 0 0 1 32 0 1 0 5 0 0 0 0 0 0 0 0 0 0 0 0 4 4 0 0 0 0 0 0 
53308 0 0 31 0 0 0 0 1 0 0 0 1 0 0 0 0 0 0 0 0 0 0 0 0 0 0 0 0 1 0 33 0 1 0 6 0 0 1 0 0 0 0 0 0 0 0 0 1 5 0 0 0 0 0 0 
53347 0 0 29 0 0 0 1 2 0 0 0 0 1 0 0 0 1 0 0 0 0 0 0 0 0 0 0 0 0 1 25 0 0 0 4 2 0 0 1 0 0 0 0 0 0 2 0 0 3 0 0 1 0 0 0 
53624 0 2 33 0 2 0 3 0 0 0 0 0 0 0 0 0 0 1 0 2 0 0 0 1 0 0 2 1 0 2 48 0 0 0 10 0 0 0 0 2 0 2 0 0 1 0 0 0 10 0 0 0 0 0 0 
58077 0 1 29 0 0 3 1 0 0 0 0 0 0 0 0 0 0 0 0 0 0 0 0 0 0 0 0 0 0 0 32 0 0 0 5 0 0 0 0 0 0 0 0 0 0 0 0 0 7 0 0 0 0 0 0 
58079 0 0 35 0 0 0 0 0 0 0 0 0 0 0 0 0 0 0 1 0 0 1 0 0 0 0 1 0 0 0 32 1 0 0 2 0 0 0 0 1 0 0 0 0 0 0 0 0 4 0 3 0 0 0 0 
58080 0 0 12 0 0 0 0 0 0 0 0 0 0 0 0 0 0 0 0 0 0 0 0 0 0 0 0 1 0 0 14 0 0 1 3 0 0 0 0 0 0 0 1 1 0 0 0 0 5 0 0 0 0 1 0 
58081 0 0 56 2 2 0 0 0 0 0 1 0 1 0 0 0 0 0 2 0 0 0 0 0 0 0 0 1 0 0 53 0 0 0 17 0 1 0 0 0 0 0 0 0 0 0 2 0 9 0 0 0 1 0 0 
58130 2 0 30 0 0 0 0 1 1 1 0 0 2 0 0 1 0 0 1 0 0 0 0 0 0 0 0 0 0 0 28 0 2 0 2 0 0 0 0 0 0 1 0 0 0 0 0 1 6 0 0 0 0 0 0 
60236 0 1 26 1 0 0 0 0 0 0 0 0 1 0 1 0 1 0 0 0 0 0 0 1 0 0 0 2 0 0 24 0 3 1 8 0 0 0 0 0 0 0 0 0 0 0 1 4 8 0 0 0 0 1 0 
60828 0 1 17 0 0 0 0 0 0 0 0 0 0 0 0 1 0 0 0 0 0 0 0 0 0 0 0 1 0 0 9 0 0 0 3 0 0 0 0 0 0 0 0 0 0 0 0 0 3 1 0 0 0 0 0 
60896 0 1 27 0 0 0 0 1 2 0 0 0 0 0 0 0 0 0 0 0 0 0 0 0 0 0 0 0 0 0 23 0 0 0 8 0 0 0 0 0 0 0 0 0 0 0 0 0 11 0 0 1 0 0 0 
60907 0 3 32 0 0 1 0 0 0 1 0 0 4 0 0 0 0 0 0 0 1 0 4 0 0 0 0 0 0 0 29 1 0 0 5 1 1 1 0 0 2 0 0 1 1 1 0 0 5 0 0 0 0 3 1 
61457 0 5 39 0 0 0 0 1 0 0 2 0 0 0 0 0 0 0 0 0 0 0 0 0 0 0 0 0 0 0 40 0 0 0 6 0 0 0 1 0 0 0 0 3 1 0 0 0 10 0 1 0 0 0 0 
74781 1 1 12 1 0 0 0 0 0 0 1 0 4 0 0 1 0 0 1 0 0 0 0 0 0 0 0 0 1 0 16 0 0 0 3 0 0 0 0 0 0 0 0 0 0 0 0 0 2 0 0 0 0 0 0 
74817 1 3 26 1 0 0 0 0 0 0 0 0 5 0 0 0 0 1 0 0 0 0 0 1 0 1 0 0 0 2 17 0 0 0 1 0 0 0 0 0 0 0 2 0 0 0 0 5 2 0 0 0 0 0 3 
76025 1 1 9 0 0 0 0 0 0 0 0 0 0 3 0 0 0 0 0 0 0 0 0 0 0 0 0 0 0 0 18 0 0 0 2 0 0 0 1 0 0 0 0 0 0 0 0 1 2 0 0 0 1 0 0 
76033 0 0 21 0 0 1 0 0 0 0 0 1 1 0 1 1 0 0 0 0 0 0 0 0 0 0 0 0 0 0 26 0 0 0 9 0 0 0 2 0 0 0 1 0 0 0 0 1 10 0 0 0 0 1 0 
76110 0 1 13 0 0 0 0 0 0 0 0 0 2 1 0 0 0 0 0 0 0 0 0 0 0 0 0 1 0 0 15 0 0 0 1 0 0 0 0 0 0 0 0 0 0 0 0 0 2 0 0 0 1 0 0 
